1000555
1004266
1044982
1046661
1059049
1060901
1067919
1102473
1124370
1134135
1144748
1207016
1236246
1254171
1259527
134389
1354544
1384142
139401
1431943
146806
1492084
150067
1555294
1576308
159540
1597786
1641001
1648312
1652711
1655407
1716956
1777261
1783027
1796268
1810674
182830
1862439
1869762
187436
1952016
1956189
1957052
2002255
2007348
2031530
204149
2049660
2129042
2135508
214030
2213298
2299844
2352342
2376938
240162
2456602
2469390
25619
2664779
2669603
267735
2688002
270548
2738227
2762778
283936
284145
296467
298653
3090681
3107154
31351
32276
3231678
324872
3561385
357927
3628045
3667168
3669238
3735343
3993743
404703
429953
4339208
4373288
437416
4415171
442738
44720
4483094
4787616
480321
4865253
526713
5430304
547570
55318
561615
56264
578300
607817
610733
627559
646233
649516
70311
709114
744563
74824
763713
76380
80018
806976
870118
882056
900596
909661
913162
9154517
920809
951853
974478
